---------------A

---------------B
111111111111111111110
111101010101010111111
1111010101010101111111010101010101
1111111111111111111111010101010101
1111111111111111111111010101010101
1111010101010101111111010101010101
1111010101010101111111010101010101
1111111111111111111101010101010101
---------------C
0101111111111111111111110101010101
0111111111010101011111111101010101
1111110101010101010101010101010101
1111010101010101010101010101010101
1111010101010101010101010101010101
1111110101010101010101010101010101
0111111111010101011111111101010101
0101111111111111111111110101010101
----------1
1111111111111111111111010101010101
1111010101010101111111110101010101
1111010101010101010111111101010101
1111010101010101010101111101010101
1111010101010101010101111101010101
1111010101010101010101111101010101
1111010101010101111111110101010101
1111111111111111111111010101010101
------------------E
1111111111111111111111010101010101
1111010101010101010101010101010101
1111010101010101010101010101010101
1111111111111101010101010101010101
1111111111111101010101010101010101
1111010101010101010101010101010101
1111010101010101010101010101010101
1111111111111111111111010101010101
-----------F
1111111111111111111111010101010101
1111010101010101010101010101010101
1111010101010101010101010101010101
1111111111111101010101010101010101
1111111111111101010101010101010101
1111010101010101010101010101010101
1111010101010101010101010101010101
1111010101010101010101010101010101
-------------------G
0101111111111111111111110101010101
0111111111010101011111111101010101
1111110101010101010101010101010101
1111010101010101010101010101010101
1111010101010101111111111101010101
1111110101010101010101111101010101
0111111111010101011111111101010101
0101111111111111111111110101010101
---------------------H
1111010101010101010111110101010101
1111010101010101010111110101010101
1111010101010101010111110101010101
1111111111111111111111110101010101
1111111111111111111111110101010101
1111010101010101010111110101010101
1111010101010101010111110101010101
1111010101010101010111110101010101
--------------------- I
1111010101010101010101010101010101
1111010101010101010101010101010101
1111010101010101010101010101010101
1111010101010101010101010101010101
1111010101010101010101010101010101
1111010101010101010101010101010101
1111010101010101010101010101010101
---------------------- J
0101010101010101111101010101010101
0101010101010101111101010101010101
0101010101010101111101010101010101
0101010101010101111101010101010101
0101010101010101111101010101010101
0101010101010101111101010101010101
1111110101011111111101010101010101
0111111111111111110101010101010101
-------------------------------1,1,³eliterki
------------------|a
0,0,0,0,0,0,0,0,0,0,0,0,0,0,0,0,0,0,
0,0,0,0,0,0,0,0,0,0,0,0,0,0,0,0,0,0,
1,1,1,1,1,1,1,1,1,0,0,0,0,0,0,0,0,0,
0,0,0,0,0,0,0,1,1,0,0,0,0,0,0,0,0,0,
1,1,1,1,1,1,1,1,1,0,0,0,0,0,0,0,0,0,
1,1,1,0,0,0,0,1,1,1,1,0,0,0,0,0,0,0,
1,1,1,1,1,1,1,1,1,1,1,0,0,0,0,0,0,0,
0,0,0,0,0,0,0,0,0,0,0,0,0,0,0,0,0,0,
------------------|b
1,1,0,0,0,0,0,0,0,0,0,0,0,0,0,0,0,0,
1,1,0,0,0,0,0,0,0,0,0,0,0,0,0,0,0,0,
1,1,0,0,0,0,0,0,0,0,0,0,0,0,0,0,0,0,
1,1,1,1,1,1,1,1,1,1,0,0,0,0,0,0,0,0,
1,1,1,1,0,0,0,0,1,1,1,0,0,0,0,0,0,0,
1,1,0,0,0,0,0,0,0,1,1,0,0,0,0,0,0,0,
1,1,1,1,0,0,0,1,1,1,1,0,0,0,0,0,0,0,
1,1,1,1,1,1,1,1,1,1,0,0,0,0,0,0,0,0,
------------------|c
0,0,0,0,0,0,0,0,0,0,0,0,0,0,0,0,0,0,
0,0,0,0,0,0,0,0,0,0,0,0,0,0,0,0,0,0,
0,1,1,1,1,1,1,1,1,1,0,0,0,0,0,0,0,0,
1,1,1,0,0,0,0,0,1,1,0,0,0,0,0,0,0,0,
1,1,0,0,0,0,0,0,0,0,0,0,0,0,0,0,0,0,
1,1,1,1,0,0,0,1,1,1,0,0,0,0,0,0,0,0,
0,1,1,1,1,1,1,1,1,1,0,0,0,0,0,0,0,0,
0,0,0,0,0,0,0,0,0,0,0,0,0,0,0,0,0,0,
------------------|d
0,0,0,0,0,0,0,0,0,1,1,0,0,0,0,0,0,0,
0,0,0,0,0,0,0,0,0,1,1,0,0,0,0,0,0,0,
0,0,0,0,0,0,0,0,0,1,1,0,0,0,0,0,0,0,
0,1,1,1,1,1,1,1,1,1,1,0,0,0,0,0,0,0,
1,1,1,0,0,0,0,1,1,1,1,0,0,0,0,0,0,0,
1,1,0,0,0,0,0,0,0,1,1,0,0,0,0,0,0,0,
1,1,1,1,0,0,0,1,1,1,1,0,0,0,0,0,0,0,
0,1,1,1,1,1,1,1,1,1,1,0,0,0,0,0,0,0,
------------------|e
0,0,0,0,0,0,0,0,0,0,0,0,0,0,0,0,0,0,
0,0,0,0,0,0,0,0,0,0,0,0,0,0,0,0,0,0,
0,1,1,1,1,1,1,1,1,1,0,0,0,0,0,0,0,0,
1,1,1,0,0,0,0,0,1,1,0,0,0,0,0,0,0,0,
1,1,1,1,1,1,1,1,1,1,0,0,0,0,0,0,0,0,
1,1,1,1,0,0,0,0,0,0,0,0,0,0,0,0,0,0,
0,1,1,1,1,1,1,1,1,1,0,0,0,0,0,0,0,0,
0,0,0,0,0,0,0,0,0,0,0,0,0,0,0,0,0,0,
------------------|f
0,0,0,1,1,1,1,0,0,0,0,0,0,0,0,0,0,0,
0,0,1,1,1,0,0,0,0,0,0,0,0,0,0,0,0,0,
0,0,1,1,0,0,0,0,0,0,0,0,0,0,0,0,0,0,
1,1,1,1,1,1,1,0,0,0,0,0,0,0,0,0,0,0,
0,0,1,1,0,0,0,0,0,0,0,0,0,0,0,0,0,0,
0,0,1,1,0,0,0,0,0,0,0,0,0,0,0,0,0,0,
0,0,1,1,0,0,0,0,0,0,0,0,0,0,0,0,0,0,
0,0,1,1,0,0,0,0,0,0,0,0,0,0,0,0,0,0,
------------------|g
0,0,0,0,0,0,0,0,0,0,0,0,0,0,0,0,0,0,
0,1,1,1,1,1,1,1,1,1,1,0,0,0,0,0,0,0,
1,1,1,0,0,0,0,1,1,1,1,0,0,0,0,0,0,0,
1,1,0,0,0,0,0,0,0,1,1,0,0,0,0,0,0,0,
1,1,1,1,0,0,0,1,1,1,1,0,0,0,0,0,0,0,
0,1,1,1,1,1,1,1,1,1,1,0,0,0,0,0,0,0,
0,0,0,0,0,0,0,0,1,1,1,0,0,0,0,0,0,0,
0,0,1,1,1,1,1,1,1,1,0,0,0,0,0,0,0,0,
------------------|h
1,1,0,0,0,0,0,0,0,0,0,0,0,0,0,0,0,0,
1,1,0,0,0,0,0,0,0,0,0,0,0,0,0,0,0,0,
1,1,0,0,0,0,0,0,0,0,0,0,0,0,0,0,0,0,
1,1,1,1,1,1,1,1,1,1,0,0,0,0,0,0,0,0,
1,1,1,1,0,0,0,0,1,1,1,0,0,0,0,0,0,0,
1,1,0,0,0,0,0,0,0,1,1,0,0,0,0,0,0,0,
1,1,0,0,0,0,0,0,0,1,1,0,0,0,0,0,0,0,
1,1,0,0,0,0,0,0,0,1,1,0,0,0,0,0,0,0,
------------------|i
1,1,0,0,0,0,0,0,0,0,0,0,0,0,0,0,0,0,
1,1,0,0,0,0,0,0,0,0,0,0,0,0,0,0,0,0,
0,0,0,0,0,0,0,0,0,0,0,0,0,0,0,0,0,0,
1,1,0,0,0,0,0,0,0,0,0,0,0,0,0,0,0,0,
1,1,0,0,0,0,0,0,0,0,0,0,0,0,0,0,0,0,
1,1,0,0,0,0,0,0,0,0,0,0,0,0,0,0,0,0,
1,1,0,0,0,0,0,0,0,0,0,0,0,0,0,0,0,0,
1,1,0,0,0,0,0,0,0,0,0,0,0,0,0,0,0,0,
------------------|j
0,0,0,1,1,0,0,0,0,0,0,0,0,0,0,0,0,0,
0,0,0,1,1,0,0,0,0,0,0,0,0,0,0,0,0,0,
0,0,0,0,0,0,0,0,0,0,0,0,0,0,0,0,0,0,
0,0,0,1,1,0,0,0,0,0,0,0,0,0,0,0,0,0,
0,0,0,1,1,0,0,0,0,0,0,0,0,0,0,0,0,0,
0,0,0,1,1,0,0,0,0,0,0,0,0,0,0,0,0,0,
0,0,0,1,1,0,0,0,0,0,0,0,0,0,0,0,0,0,
0,0,0,1,1,0,0,0,0,0,0,0,0,0,0,0,0,0,
0,0,1,1,1,0,0,0,0,0,0,0,0,0,0,0,0,0,
1,1,1,1,1,0,0,0,0,0,0,0,0,0,0,0,0,0,
------------------|
------------------|zn1,ki
------------------|!
1,1,0,0,0,0,0,0,0,0,0,0,0,0,0,0,0,0,
1,1,0,0,0,0,0,0,0,0,0,0,0,0,0,0,0,0,
1,1,0,0,0,0,0,0,0,0,0,0,0,0,0,0,0,0,
1,1,0,0,0,0,0,0,0,0,0,0,0,0,0,0,0,0,
1,1,0,0,0,0,0,0,0,0,0,0,0,0,0,0,0,0,
0,0,0,0,0,0,0,0,0,0,0,0,0,0,0,0,0,0,
1,1,0,0,0,0,0,0,0,0,0,0,0,0,0,0,0,0,
1,1,0,0,0,0,0,0,0,0,0,0,0,0,0,0,0,0,
------------------|@
0,0,1,1,1,1,1,1,1,1,1,1,1,1,1,0,0,0,
0,1,1,1,0,0,0,1,1,1,0,1,0,1,1,1,0,0,
1,1,1,0,0,1,1,1,1,1,1,1,0,0,1,1,0,0,
1,1,0,0,0,1,1,0,0,1,1,0,0,0,1,1,0,0,
1,1,0,0,1,1,0,0,0,1,1,0,0,0,1,1,0,0,
1,1,0,0,1,1,0,1,1,1,0,1,1,1,1,1,0,0,
1,1,1,0,1,1,1,1,1,1,1,1,1,1,0,0,0,0,
0,1,1,1,1,1,1,1,1,1,1,1,1,1,1,0,0,0,
------------------|#
0,0,1,1,0,0,0,1,1,0,0,0,0,0,0,0,0,0,
0,0,1,1,0,0,0,1,1,0,0,0,0,0,0,0,0,0,
1,1,1,1,1,1,1,1,1,1,1,0,0,0,0,0,0,0,
1,1,1,1,1,1,1,1,1,1,1,0,0,0,0,0,0,0,
1,1,1,1,1,1,1,1,1,1,1,0,0,0,0,0,0,0,
1,1,1,1,1,1,1,1,1,1,1,0,0,0,0,0,0,0,
0,0,1,1,0,0,0,1,1,0,0,0,0,0,0,0,0,0,
0,0,1,1,0,0,0,1,1,0,0,0,0,0,0,0,0,0,
------------------|$
0,1,1,1,1,1,1,1,1,1,0,0,0,0,0,0,0,0,
1,1,1,0,1,0,1,0,1,1,1,0,0,0,0,0,0,0,
1,1,1,0,1,0,1,0,0,0,0,0,0,0,0,0,0,0,
1,1,1,1,1,1,1,1,1,0,0,0,0,0,0,0,0,0,
0,0,1,1,1,1,1,1,1,1,1,0,0,0,0,0,0,0,
0,0,0,0,1,0,1,0,1,1,1,0,0,0,0,0,0,0,
1,1,1,0,1,0,1,0,1,1,1,0,0,0,0,0,0,0,
0,1,1,1,1,1,1,1,1,1,0,0,0,0,0,0,0,0,
------------------|%
1,1,1,1,1,1,0,0,0,0,0,0,1,1,1,0,0,0,
1,0,0,1,0,0,0,0,1,1,1,1,0,0,0,0,0,0,
1,1,1,1,1,0,0,1,1,1,1,0,0,0,0,0,0,0,
0,0,0,0,0,0,1,1,1,1,0,0,0,0,0,0,0,0,
0,0,0,0,1,1,1,1,0,0,0,0,0,0,0,0,0,0,
0,0,1,1,1,1,0,0,0,1,1,1,1,1,1,0,0,0,
1,1,1,1,0,0,0,0,0,1,0,0,1,0,0,0,0,0,
1,1,0,0,0,0,0,0,0,1,1,1,1,1,0,0,0,0,
------------------|
------------------|c1,ferki
------------------|1,
0,0,0,0,1,1,0,0,0,0,0,0,0,0,0,0,0,0,
0,0,1,1,1,1,0,0,0,0,0,0,0,0,0,0,0,0,
1,1,1,1,1,1,0,0,0,0,0,0,0,0,0,0,0,0,
0,0,0,0,1,1,0,0,0,0,0,0,0,0,0,0,0,0,
0,0,0,0,1,1,0,0,0,0,0,0,0,0,0,0,0,0,
0,0,0,0,1,1,0,0,0,0,0,0,0,0,0,0,0,0,
0,0,0,0,1,1,0,0,0,0,0,0,0,0,0,0,0,0,
0,0,0,0,1,1,0,0,0,0,0,0,0,0,0,0,0,0,
------------------|2
0,1,1,1,1,1,1,1,1,1,1,0,0,0,0,0,0,0,
1,1,1,0,0,0,0,0,1,1,1,0,0,0,0,0,0,0,
0,0,0,0,0,0,0,0,1,1,1,0,0,0,0,0,0,0,
0,0,0,0,0,1,1,1,1,1,0,0,0,0,0,0,0,0,
0,0,0,1,1,1,1,0,0,0,0,0,0,0,0,0,0,0,
0,1,1,1,1,0,0,0,0,0,0,0,0,0,0,0,0,0,
1,1,1,0,0,0,0,0,0,0,0,0,0,0,0,0,0,0,
1,1,1,1,1,1,1,1,1,1,1,0,0,0,0,0,0,0,
------------------|3
0,1,1,1,1,1,1,1,1,1,1,0,0,0,0,0,0,0,
1,1,1,0,0,0,0,0,1,1,1,0,0,0,0,0,0,0,
0,0,0,0,0,0,0,0,1,1,1,0,0,0,0,0,0,0,
0,0,0,0,0,1,1,1,1,1,0,0,0,0,0,0,0,0,
0,0,0,0,0,1,1,1,1,1,0,0,0,0,0,0,0,0,
0,0,0,0,0,0,0,0,1,1,1,0,0,0,0,0,0,0,
1,1,1,0,0,0,0,0,1,1,1,0,0,0,0,0,0,0,
0,1,1,1,1,1,1,1,1,1,1,0,0,0,0,0,0,0,
------------------|4
0,0,0,0,0,0,0,0,1,1,1,0,0,0,0,0,0,0,
0,0,0,0,0,0,1,1,1,1,1,0,0,0,0,0,0,0,
0,0,0,0,1,1,1,1,0,1,1,0,0,0,0,0,0,0,
0,0,1,1,1,1,0,0,0,1,1,0,0,0,0,0,0,0,
1,1,1,1,0,0,0,0,0,1,1,0,0,0,0,0,0,0,
1,1,1,1,1,1,1,1,1,1,1,1,1,0,0,0,0,0,
0,0,0,0,0,0,0,0,0,1,1,0,0,0,0,0,0,0,
0,0,0,0,0,0,0,0,0,1,1,0,0,0,0,0,0,0,
------------------|5
1,1,1,1,1,1,1,1,1,1,0,0,0,0,0,0,0,0,
1,1,0,0,0,0,0,0,0,0,0,0,0,0,0,0,0,0,
1,1,0,0,0,0,0,0,0,0,0,0,0,0,0,0,0,0,
1,1,1,1,1,1,1,1,1,1,1,0,0,0,0,0,0,0,
1,1,1,0,0,0,0,0,1,1,1,0,0,0,0,0,0,0,
0,0,0,0,0,0,0,0,0,1,1,0,0,0,0,0,0,0,
1,1,1,0,0,0,0,0,1,1,1,0,0,0,0,0,0,0,
0,1,1,1,1,1,1,1,1,1,0,0,0,0,0,0,0,0,